522094
497284
501360
421226
428319
352195
173393
428612
147246
354944
329582
396387
362825
409733
198186
470801
362099
361821
272838
497620
251662
309228
440230
391168
182039
122837
310455
319320
344436
399779
246032
384071
418774
225227
169235
280414
392016
249431
321801
418595
283280
500154
492169
344422
288938
500841
284343
456611
349429
370005
327596
340740
169229
413441
432645
56790
355298
393962
98548
389558
318938
379392
308909
402079
135042
68926
193941
61194
450654
193154
416150
417222
200271
286139
289485
151852
428669
409692
339503
395319
220162
186887
369139
361598
271958
478654
318804
263055
357138
445018
373619
494795
359134
343746
350003
309989
344197
169841
180443