288865
340726
338464
279790
418932
440416
383655
439817
212508
324581
150293
398996
452142
173545
361951
396499
370202
360151
453703
432802
134065
384680
425089
57116
408558
409579
434491
432543
232398
188669
422820
361788
239435
283224
393388
154845
411442
365976
317518
260604
421164
462150
337218
401417
369850
290008
278942
425993
315229
298561
201643
307651
448302
320868
440529
449291
303994
436361
156071
442283
446272
479704
458959
391431
144623
423166
291242
288888
307845
505121
330755
447783
284566
431663
472062
337675
342460
429070
382994
518121
393712
223315
419444
249914
296747
460080
222855
176495
392376
433843
129559
402216
397048
404255
269835
422914
492735
283722
337236
354166
217972
348137
251169
343128
451805
353855
110809
441822
399356
390954
443675
145962
283500
403767
269207
351348
288826
435154
442744
203449
313621
294541
306613
475867
260371
343845
512138
172197
421323
329609