399535
223721
507797
404958
422683
424188
501638
296611
422332
274823
417624
403377
372096
347250
130330
373574
216012
143412
346408
299089
179166
432094
238406
387447
503628
219582
329173
403579
139512
257037
220142
175822
484074
285496
171863
487467
340976
351810
457238
97078
392802
237388
273249
500561
487743
328721
212746
387879
343062
221610
469315
479829
311819
211869
345888
298945
482568
340629
447653
345682
485733
225422
459598
222702
309128
310888
200383
343177
474871
297834
501104
392936
361352
218319
277663
314803
332173
467296
285999
387061
331516
212940
521881
417150
350497
379808
426138
225228
258390
363030
510971
145058
159941
337197
302509
265085
454822
447490
266904
338290
263177
476715
342651
391475
423908
398449
486607
322685
491547
452111
410123
514299
359819
380286
402913
215018
354266
379597
459481
353446
508845
445999
298798
410360
341798
339859
416626
